2.565939331054687500e+01
2.558240318298339844e+01
2.497769927978515625e+01
2.568262481689453125e+01
2.370157623291015625e+01
2.135608673095703125e+01
4.626980590820312500e+01
2.036094284057617188e+01
2.018172073364257812e+01
6.014395996093750000e+03
1.995122718811035156e+01
1.775110054016113281e+01
1.748840141296386719e+01
1.531155586242675781e+01
1.467558956146240234e+01
1.434501361846923828e+01
1.386975288391113281e+01
1.297705841064453125e+01
1.232822704315185547e+01
1.125286006927490234e+01
1.058672332763671875e+01
1.018962287902832031e+01
9.495783805847167969e+00
8.996306419372558594e+00
8.678787231445312500e+00
7.524897098541259766e+00
7.201192855834960938e+00
7.190551280975341797e+00
6.947190761566162109e+00
6.837093353271484375e+00
6.341530799865722656e+00
8.499807357788085938e+00
5.358653545379638672e+00
4.810415744781494141e+00
4.734358787536621094e+00
4.617485523223876953e+00
4.576539039611816406e+00
4.556587219238281250e+00
4.511938095092773438e+00
4.266335964202880859e+00
3.701471328735351562e+00
2.179242706298828125e+01
3.160954952239990234e+00
2.985000133514404297e+00
2.809123992919921875e+00
2.566707849502563477e+00
2.517704248428344727e+00
2.411015272140502930e+00
2.372662067413330078e+00
2.356154680252075195e+00
2.350503206253051758e+00
2.328414201736450195e+00
2.318205356597900391e+00
2.297332048416137695e+00
2.255408048629760742e+00
2.002990722656250000e+00
2.623182296752929688e+00
1.920043826103210449e+00
1.857716798782348633e+00
1.808374047279357910e+00
1.816031575202941895e+00
1.802780389785766602e+00
1.794858455657958984e+00
1.790964365005493164e+00
1.783915638923645020e+00
1.772660851478576660e+00
1.749438643455505371e+00
1.703694462776184082e+00
1.627679824829101562e+00
1.577906966209411621e+00
1.492911815643310547e+00
1.464924097061157227e+00
1.455603361129760742e+00
1.441205739974975586e+00
1.420689344406127930e+00
1.370052218437194824e+00
1.481238842010498047e+00
1.309087753295898438e+00
1.195742368698120117e+00
1.082078337669372559e+00
1.177107214927673340e+00
1.019813299179077148e+00
9.685164690017700195e-01
1.029972910881042480e+00
9.380495548248291016e-01
8.947142362594604492e-01
8.564119338989257812e-01
8.196467161178588867e-01
7.764101624488830566e-01
7.370456457138061523e-01
7.141389846801757812e-01
7.199522256851196289e-01
7.068073749542236328e-01
6.975501775741577148e-01
6.847463250160217285e-01
6.685546636581420898e-01
6.327554583549499512e-01
7.269451618194580078e-01
6.014788150787353516e-01
5.564023256301879883e-01
5.293048024177551270e-01
5.780740380287170410e-01
4.998896121978759766e-01
4.756863713264465332e-01
4.640818834304809570e-01
4.522686600685119629e-01
4.455972015857696533e-01
4.409117996692657471e-01
4.356849789619445801e-01
4.288194775581359863e-01
4.189405441284179688e-01
3.937802016735076904e-01
3.983190059661865234e-01
3.637070059776306152e-01
3.321956694126129150e-01
3.523082733154296875e-01
2.999422550201416016e-01
2.731558680534362793e-01
2.642958760261535645e-01
2.610987722873687744e-01
2.462759315967559814e-01
2.108611613512039185e-01
2.705901861190795898e-01
1.870371997356414795e-01
2.192975580692291260e-01
1.724002361297607422e-01
1.611010879278182983e-01
1.514475196599960327e-01
1.457562744617462158e-01
1.403835415840148926e-01
1.355339884757995605e-01
1.312895268201828003e-01
1.267846971750259399e-01
1.187162473797798157e-01
1.113758310675621033e-01
1.074186861515045166e-01
1.033192276954650879e-01
1.008797064423561096e-01
9.757106751203536987e-02
9.254950284957885742e-02
8.865764737129211426e-02
8.507011830806732178e-02
8.087389171123504639e-02
8.043700456619262695e-02
7.978870719671249390e-02
7.918948680162429810e-02
7.824227213859558105e-02
7.412062585353851318e-02
7.155771553516387939e-02
6.921894848346710205e-02
6.801414489746093750e-02
6.753621995449066162e-02
6.679832935333251953e-02
6.470989435911178589e-02
5.863359943032264709e-02
5.460827052593231201e-02
5.119446665048599243e-02
4.950147122144699097e-02
4.806736856698989868e-02
4.796793311834335327e-02
4.717779159545898438e-02
4.703044518828392029e-02
4.694256186485290527e-02
4.689080268144607544e-02
4.684841632843017578e-02
4.667019098997116089e-02
4.629792645573616028e-02
4.564119875431060791e-02
4.474368691444396973e-02
4.377322643995285034e-02
4.277910292148590088e-02
4.113803058862686157e-02
3.819863125681877136e-02
3.609596565365791321e-02
3.759692609310150146e-02
3.540832549333572388e-02
3.453265130519866943e-02
3.369151428341865540e-02
3.294215723872184753e-02
3.217636793851852417e-02
3.154083341360092163e-02
3.110590204596519470e-02
3.085209429264068604e-02
3.070309199392795563e-02
3.038027510046958923e-02
3.011655062437057495e-02
2.968524768948554993e-02
2.928123064339160919e-02
2.850569598376750946e-02
2.794393151998519897e-02
2.740129828453063965e-02
2.683201432228088379e-02
2.589201927185058594e-02
2.519346401095390320e-02
2.453624270856380463e-02
2.351230382919311523e-02
2.324356697499752045e-02
2.267701551318168640e-02
2.252877689898014069e-02
2.242147549986839294e-02
2.235658839344978333e-02
2.231551706790924072e-02
2.227987721562385559e-02
2.223781123757362366e-02
2.219819277524948120e-02
2.216755598783493042e-02
2.210751920938491821e-02
2.200742438435554504e-02
2.182209491729736328e-02
2.150274068117141724e-02
2.090314030647277832e-02
2.028648555278778076e-02
2.000075951218605042e-02
1.996012404561042786e-02
1.985001191496849060e-02
1.971717737615108490e-02
1.965900883078575134e-02
1.957082748413085938e-02
1.942605897784233093e-02
1.924230903387069702e-02
1.885400526225566864e-02
1.845786720514297485e-02
1.819670572876930237e-02
1.808729209005832672e-02
1.801686175167560577e-02
1.789931766688823700e-02
1.772589609026908875e-02
1.744985394179821014e-02
1.674183830618858337e-02
1.587733626365661621e-02
1.565000414848327637e-02
1.518273167312145233e-02
1.504005398601293564e-02
1.488277316093444824e-02
1.482117734849452972e-02
1.464868336915969849e-02
1.471742335706949234e-02
1.459062658250331879e-02
1.451169420033693314e-02
1.443840190768241882e-02
1.439310237765312195e-02
1.436800044029951096e-02
1.435739360749721527e-02
1.434559002518653870e-02
1.433588191866874695e-02
1.432126853615045547e-02
1.429851725697517395e-02
1.426810212433338165e-02
1.420491561293601990e-02
1.406510546803474426e-02
1.387321017682552338e-02
1.358796842396259308e-02
1.286671683192253113e-02
1.215116307139396667e-02
1.196307502686977386e-02
1.160983834415674210e-02
1.105778757482767105e-02
1.050388347357511520e-02
1.002207212150096893e-02
9.622589685022830963e-03
9.299026802182197571e-03
9.165710769593715668e-03
8.902190253138542175e-03
8.776865899562835693e-03
8.679153397679328918e-03
8.641580119729042053e-03
8.597970008850097656e-03
8.556199260056018829e-03
8.504492230713367462e-03
8.434989489614963531e-03
8.340019732713699341e-03
8.279982954263687134e-03
8.219418115913867950e-03
8.174831047654151917e-03
8.143637329339981079e-03
8.119652047753334045e-03
8.105709217488765717e-03
8.079434745013713837e-03
8.046903647482395172e-03
7.985190488398075104e-03
7.884492166340351105e-03
7.704442366957664490e-03
7.566909305751323700e-03
7.472367025911808014e-03
7.428061217069625854e-03
7.402224466204643250e-03
7.370100356638431549e-03
7.348440587520599365e-03
7.318951655179262161e-03
7.274503819644451141e-03
7.223699241876602173e-03
7.131387945264577866e-03
7.033773697912693024e-03
6.945566274225711823e-03
7.174987811595201492e-03
6.914221681654453278e-03
6.883381400257349014e-03
6.851970218122005463e-03
6.826395168900489807e-03
6.811324506998062134e-03
6.805646698921918869e-03
6.803731434047222137e-03
6.802777759730815887e-03
6.801357027143239975e-03
6.799846887588500977e-03
6.798149086534976959e-03
6.789833307266235352e-03
6.771119311451911926e-03
6.741219200193881989e-03
6.675638724118471146e-03
6.476813461631536484e-03
6.381569430232048035e-03
6.872774567455053329e-03
6.282677873969078064e-03
6.155947688966989517e-03
6.093422416597604752e-03
6.055152043700218201e-03
6.035926751792430878e-03
6.024509202688932419e-03
6.020184606313705444e-03
6.017265841364860535e-03
6.011467427015304565e-03
6.003295071423053741e-03
5.995454732328653336e-03
5.987895186990499496e-03
5.982669536024332047e-03
5.974013358354568481e-03
5.958684254437685013e-03
5.925058387219905853e-03
5.856580100953578949e-03
5.755142774432897568e-03
5.587082356214523315e-03
6.111002992838621140e-03
5.496879108250141144e-03
6.788066588342189789e-03
5.352665670216083527e-03
5.355264060199260712e-03
5.196735728532075882e-03
4.999480210244655609e-03
5.440432578325271606e-03
4.896170925348997116e-03
5.986041855067014694e-03
4.799674265086650848e-03
6.821446586400270462e-03
4.750047810375690460e-03
4.760852549225091934e-03
4.682862199842929840e-03
4.635578021407127380e-03
4.606780130416154861e-03
4.591021686792373657e-03
4.574505612254142761e-03
4.558549728244543076e-03
4.549278412014245987e-03
4.539159126579761505e-03
4.529675003141164780e-03
4.518268629908561707e-03
4.499810747802257538e-03
4.476313944905996323e-03
4.451632499694824219e-03
4.426860250532627106e-03
4.405428655445575714e-03
4.398622084408998489e-03
4.374044481664896011e-03
4.356664605438709259e-03
4.345243331044912338e-03
4.331061150878667831e-03
4.323406610637903214e-03
4.317533224821090698e-03
4.315470345318317413e-03
4.313739482313394547e-03
4.311607684940099716e-03
4.309742711484432220e-03
4.307456780225038528e-03
4.301059525460004807e-03
4.296201281249523163e-03
4.275771789252758026e-03
4.263095092028379440e-03
4.246415104717016220e-03
4.238885827362537384e-03
4.231122322380542755e-03
4.225618205964565277e-03
4.213151521980762482e-03
4.200901370495557785e-03
4.179191775619983673e-03
4.161871038377285004e-03
4.143483005464076996e-03
4.128413740545511246e-03
4.110425245016813278e-03
4.087653942406177521e-03
4.072738811373710632e-03
4.063618369400501251e-03
4.048200324177742004e-03
4.024730995297431946e-03
3.983749542385339737e-03
3.931690007448196411e-03
3.888202365487813950e-03
4.120053723454475403e-03
3.837365191429853439e-03
3.775246907025575638e-03
3.668495686724781990e-03
3.535731695592403412e-03
4.543737508356571198e-03
3.414345439523458481e-03
3.430808894336223602e-03
3.324506804347038269e-03
3.487848211079835892e-03
3.259400837123394012e-03
3.194212913513183594e-03
3.139892593026161194e-03
3.120701992884278297e-03
3.092914121225476265e-03
3.081634640693664551e-03
3.063153708353638649e-03
3.044568933546543121e-03
3.006598446518182755e-03
2.979807555675506592e-03
2.956522861495614052e-03
2.924442756921052933e-03
2.897415775805711746e-03
2.875966485589742661e-03
2.880004234611988068e-03
2.861534478142857552e-03
2.849201671779155731e-03
2.842053072527050972e-03
2.823299961164593697e-03
2.815053798258304596e-03
2.800407353788614273e-03
2.788925077766180038e-03
2.773971296846866608e-03
2.782412339001893997e-03
2.766479738056659698e-03
2.757724141702055931e-03
2.755936468020081520e-03
2.769797574728727341e-03
2.754859160631895065e-03
2.753852866590023041e-03
2.752902917563915253e-03
2.751918276771903038e-03
2.750196959823369980e-03
2.747077960520982742e-03
2.730030799284577370e-03
2.719475654885172844e-03
2.713968511670827866e-03
2.707631792873144150e-03
2.702492754906415939e-03
2.693634480237960815e-03
2.684571314603090286e-03
2.675759838894009590e-03
2.664764411747455597e-03
2.649836940690875053e-03
2.772643696516752243e-03
2.640452235937118530e-03
2.625474706292152405e-03
2.605032175779342651e-03
2.579158637672662735e-03
2.652876777574419975e-03
2.567921299487352371e-03
2.549411728978157043e-03
2.609611023217439651e-03
2.538427244871854782e-03
2.529201330617070198e-03
2.522794995456933975e-03
2.520345617085695267e-03
2.517904154956340790e-03
2.515104599297046661e-03
2.511653117835521698e-03
2.512072678655385971e-03
2.507216762751340866e-03
2.501917537301778793e-03
2.487304387614130974e-03
2.482374198734760284e-03
2.470714272931218147e-03
2.464257879182696342e-03
2.459561917930841446e-03
2.457940950989723206e-03
2.456671325489878654e-03
2.455878537148237228e-03
2.454416826367378235e-03
2.450193278491497040e-03
2.442417666316032410e-03
2.428417094051837921e-03
2.412504982203245163e-03
2.405601553618907928e-03
2.412286121398210526e-03
2.399179153144359589e-03
2.391149522736668587e-03
2.383870538324117661e-03
2.388609107583761215e-03
2.377540338784456253e-03
2.370313508436083794e-03
2.359193749725818634e-03
2.345872810110449791e-03
2.340690698474645615e-03
2.336546778678894043e-03
2.331062685698270798e-03
2.324859611690044403e-03
2.316228812560439110e-03
2.309355884790420532e-03
2.304301597177982330e-03
2.295916900038719177e-03
2.286978997290134430e-03
2.282368950545787811e-03
2.272642683237791061e-03
2.272914862260222435e-03
2.269174670800566673e-03
2.265432849526405334e-03
2.260002307593822479e-03
2.254125662147998810e-03
2.247727243229746819e-03
2.241501817479729652e-03
2.235664753243327141e-03
2.228852827101945877e-03
2.223934279754757881e-03
2.215613145381212234e-03
2.210462465882301331e-03
2.208724617958068848e-03
2.206066157668828964e-03
2.221101894974708557e-03
2.203871030360460281e-03
2.201252151280641556e-03
2.198732923716306686e-03
2.196400426328182220e-03
2.194987609982490540e-03
2.193830907344818115e-03
2.192881889641284943e-03
2.191022969782352448e-03
2.187175210565328598e-03
2.181317191570997238e-03
2.174166962504386902e-03
2.167544793337583542e-03
2.162383869290351868e-03
2.160048112273216248e-03
2.159925643354654312e-03
2.155797788873314857e-03
2.157293027266860008e-03
2.150882966816425323e-03
2.143482444807887077e-03
2.148003550246357918e-03
2.130987355485558510e-03
2.118071541190147400e-03
2.104395534843206406e-03
2.092286711558699608e-03
2.079713623970746994e-03
2.071335678920149803e-03
2.068119589239358902e-03
2.062792656943202019e-03
2.060695784166455269e-03
2.059266669675707817e-03
2.058099955320358276e-03
2.055557910352945328e-03
2.053027972579002380e-03
2.051101764664053917e-03
2.049769507721066475e-03
2.048730384558439255e-03
2.047647722065448761e-03
2.046599984169006348e-03
2.045232336968183517e-03
2.044016495347023010e-03
2.043055836111307144e-03
2.042318228632211685e-03
2.041781088337302208e-03
2.041001338511705399e-03
2.040119376033544540e-03
2.038092352449893951e-03
2.034870674833655357e-03
2.034256700426340103e-03
2.031951211392879486e-03
2.037617843598127365e-03
2.029760973528027534e-03
2.021641703322529793e-03
2.018142491579055786e-03
2.017961349338293076e-03
2.016505692154169083e-03
2.015635604038834572e-03
2.014205325394868851e-03
2.012655604630708694e-03
2.010420896112918854e-03
2.008420415222644806e-03
2.007547998800873756e-03
2.004254143685102463e-03
2.001984277740120888e-03
1.998151885345578194e-03
2.001689979806542397e-03
1.997282728552818298e-03
1.995098078623414040e-03
2.003197092562913895e-03
1.993236597627401352e-03
1.992085482925176620e-03
1.990870805457234383e-03
1.988751580938696861e-03
1.986923860386013985e-03
1.985153649002313614e-03
1.986680086702108383e-03
1.983869588002562523e-03
1.982766669243574142e-03
1.982143381610512733e-03
1.980879809707403183e-03
1.979407621547579765e-03
1.978907268494367599e-03
1.978024374693632126e-03
1.977095380425453186e-03
1.975461840629577637e-03
1.974818296730518341e-03
1.974069047719240189e-03
1.973215490579605103e-03
1.972255762666463852e-03
1.971347257494926453e-03
1.972269499674439430e-03
1.970946788787841797e-03
1.970185432583093643e-03
1.969779608771204948e-03
1.968952827155590057e-03
1.969034085050225258e-03
1.968762837350368500e-03
1.968647819012403488e-03
1.968221273273229599e-03
1.969247125089168549e-03
1.968133728951215744e-03
1.967604737728834152e-03
1.966650364920496941e-03
1.964427996426820755e-03
1.961724366992712021e-03
1.961737871170043945e-03
1.960306195542216301e-03
7.065542507916688919e-03
2.009252551943063736e-03
1.958164386451244354e-03
1.955581828951835632e-03
1.953460741788148880e-03
1.951800193637609482e-03
1.949736266396939754e-03
1.947532058693468571e-03
1.944459741935133934e-03
1.944747520610690117e-03
1.942249480634927750e-03
1.939879031851887703e-03
1.939039677381515503e-03
1.938073663040995598e-03
1.937202177941799164e-03
1.936229877173900604e-03
1.935719279572367668e-03
1.935180509462952614e-03
1.934719970449805260e-03
1.933770836330950260e-03
1.932808081619441509e-03
1.931245205923914909e-03
1.929899211972951889e-03
1.928131096065044403e-03
1.926762401126325130e-03
1.925616059452295303e-03
1.924805925227701664e-03
1.924460520967841148e-03
1.923111500218510628e-03
1.922298222780227661e-03
1.921444432809948921e-03
1.920687151141464710e-03
1.920951646752655506e-03
1.920474460348486900e-03
1.919841393828392029e-03
1.919272122904658318e-03
1.918920082971453667e-03
1.918450463563203812e-03
1.918112626299262047e-03
1.917724264785647392e-03
1.917485264129936695e-03
1.917142071761190891e-03
1.917043235152959824e-03
1.916882232762873173e-03
1.916688168421387672e-03
1.916636014357209206e-03
1.916449167765676975e-03
1.916355337016284466e-03
1.916142180562019348e-03
1.915855100378394127e-03
1.915333559736609459e-03
1.914671389386057854e-03
1.914503751322627068e-03
1.913172658532857895e-03
1.912508392706513405e-03
1.911892788484692574e-03
1.910956343635916710e-03
1.910249469801783562e-03
1.910869847051799297e-03
1.909887185320258141e-03
1.909310230985283852e-03
1.908772159367799759e-03
1.906686346046626568e-03
1.904085977002978325e-03
1.900485949590802193e-03
1.898940885439515114e-03
1.900864997878670692e-03
1.896886853501200676e-03
1.895215595141053200e-03
1.894270535558462143e-03
1.891404855996370316e-03
1.887075835838913918e-03
1.882974524050951004e-03
1.877616508863866329e-03
1.870828215032815933e-03
1.865083933807909489e-03
1.862003235146403313e-03
1.859096228145062923e-03
1.859590061940252781e-03
1.855368027463555336e-03
1.848817337304353714e-03
1.832019886933267117e-03
1.852151006460189819e-03
1.824710052460432053e-03
1.813022186979651451e-03
1.862990087829530239e-03
1.803671941161155701e-03
1.799278892576694489e-03
1.794919371604919434e-03
1.783662009984254837e-03
1.774440053850412369e-03
1.759327016770839691e-03
1.745033543556928635e-03
1.807280816137790680e-03
1.730703050270676613e-03
1.740857958793640137e-03
1.722746877931058407e-03
1.734687946736812592e-03
1.712750177830457687e-03
1.715298974886536598e-03
1.701073488220572472e-03
1.692871795967221260e-03
1.679640146903693676e-03
1.687314128503203392e-03
1.672250684350728989e-03
1.670032390393316746e-03
1.664093695580959320e-03
1.665932824835181236e-03
1.657031476497650146e-03
1.680302666500210762e-03
1.647619879804551601e-03
1.687310985289514065e-03
1.637771958485245705e-03
1.627656631171703339e-03
1.618408365175127983e-03
1.619641436263918877e-03
1.615109853446483612e-03
1.621674979105591774e-03
1.612674677744507790e-03
1.609797356650233269e-03
1.606793492101132870e-03
1.612132648006081581e-03
1.605828292667865753e-03
1.604713732376694679e-03
1.600257819518446922e-03
1.598915434442460537e-03
1.597447553649544716e-03
1.595678040757775307e-03
1.591096981428563595e-03
1.584528246894478798e-03
1.569458283483982086e-03
1.567768165841698647e-03
1.559385797008872032e-03
1.608895487152040005e-03
1.546554150991141796e-03
1.540544792078435421e-03
1.546943909488618374e-03
1.536796218715608120e-03
1.535329385660588741e-03
1.534849870949983597e-03
1.532932044938206673e-03
1.532211783342063427e-03
1.531641581095755100e-03
1.530945533886551857e-03
1.530495239421725273e-03
1.529978937469422817e-03
1.529376721009612083e-03
1.528516411781311035e-03
1.527197076939046383e-03
1.526140840724110603e-03
1.548890839330852032e-03
1.525196013972163200e-03
1.523838145658373833e-03
1.522446866147220135e-03
1.522089354693889618e-03
1.521768630482256413e-03
1.521667698398232460e-03
1.521590049378573895e-03
1.521481201052665710e-03
1.521360361948609352e-03
1.521190395578742027e-03
1.520958612672984600e-03
1.520477817393839359e-03
1.519997022114694118e-03
1.519203884527087212e-03
1.518344390206038952e-03
1.517029711976647377e-03
1.515339128673076630e-03
1.512157730758190155e-03
1.508218701928853989e-03
1.695217448286712170e-03
1.507046981714665890e-03
1.502952072769403458e-03
1.504567684605717659e-03
1.501312828622758389e-03
1.500590471550822258e-03
1.500543789006769657e-03
1.500019570812582970e-03
1.499670092016458511e-03
1.499377191066741943e-03
1.498896861448884010e-03
1.498325262218713760e-03
1.497859833762049675e-03
1.497234683483839035e-03
1.496788696385920048e-03
1.496366458013653755e-03
1.495674368925392628e-03
1.495219301432371140e-03
1.494619413278996944e-03
1.494026160798966885e-03
1.492713228799402714e-03
1.492998562753200531e-03
1.492046401835978031e-03
1.490363734774291515e-03
1.488652313128113747e-03
1.485901884734630585e-03
1.488992595113813877e-03
1.484775333665311337e-03
1.482354127801954746e-03
1.479930360801517963e-03
1.478841644711792469e-03
1.476369681768119335e-03
1.472676172852516174e-03
1.469532260671257973e-03
1.469875918701291084e-03
1.467041904106736183e-03
1.463128253817558289e-03
1.461296691559255123e-03
1.459851861000061035e-03
1.458557671867311001e-03
1.457237289287149906e-03
1.455682679079473019e-03
1.453783828765153885e-03
1.451545860618352890e-03
1.447938149794936180e-03
1.443924033083021641e-03
1.441009342670440674e-03
1.437331084161996841e-03
1.435290090739727020e-03
1.435157959349453449e-03
1.433604862540960312e-03
1.431959681212902069e-03
1.430891221389174461e-03
1.430066069588065147e-03
1.429360592737793922e-03
1.428314251825213432e-03
1.426985720172524452e-03
1.425634138286113739e-03
1.427942188456654549e-03
1.425214111804962158e-03
1.424335176125168800e-03
1.423539244569838047e-03
1.425776281394064426e-03
1.423310022801160812e-03
1.422689645551145077e-03
1.422031084075570107e-03
1.421567169018089771e-03
1.420986256562173367e-03
1.426745206117630005e-03
1.420618267729878426e-03
1.419439446181058884e-03
1.418853760696947575e-03
1.417949795722961426e-03
1.416563754901289940e-03
1.413996098563075066e-03
1.421562628820538521e-03
1.412081648595631123e-03
1.414395985193550587e-03
1.408904208801686764e-03
1.421468332409858704e-03
1.406235154718160629e-03
1.403731177560985088e-03
1.400972134433686733e-03
1.401267596520483494e-03
1.398986438289284706e-03
1.396325416862964630e-03
1.392430043779313564e-03
1.389210927300155163e-03
1.391393714584410191e-03
1.386289717629551888e-03
1.387391937896609306e-03
1.384323462843894958e-03
1.384080620482563972e-03
1.381803187541663647e-03
1.376932137645781040e-03
1.373966806568205357e-03
1.378877554088830948e-03
1.371925696730613708e-03
1.370093086734414101e-03
1.368881203234195709e-03
1.365441363304853439e-03
1.363174640573561192e-03
1.361397095024585724e-03
1.368058612570166588e-03
1.359415240585803986e-03
1.357654575258493423e-03
1.356552704237401485e-03
1.355479820631444454e-03
1.354613807052373886e-03
1.353632076643407345e-03
1.352840219624340534e-03
1.350699458271265030e-03
1.351577346213161945e-03
1.349896192550659180e-03
1.348469872027635574e-03
1.346689532510936260e-03
1.345501630567014217e-03
1.345113851130008698e-03
1.344113494269549847e-03
1.342819305136799812e-03
1.341304508969187737e-03
1.340141054242849350e-03
1.338921836577355862e-03
1.339880865998566151e-03
1.338176545687019825e-03
1.337356050498783588e-03
1.336312387138605118e-03
1.334617380052804947e-03
1.332966960035264492e-03
1.336125424131751060e-03
1.332659390754997730e-03
1.332173473201692104e-03
1.331901643425226212e-03
1.331605715677142143e-03
1.331310020759701729e-03
1.331088365986943245e-03
1.330467872321605682e-03
1.329308608546853065e-03
1.327569596469402313e-03
1.325365970842540264e-03
1.325277029536664486e-03
1.322341035120189190e-03
1.319234026595950127e-03
1.323623466305434704e-03
1.317194895818829536e-03
1.320401439443230629e-03
1.315844012424349785e-03
1.313839107751846313e-03
1.317585585638880730e-03
1.312701730057597160e-03
1.313288463279604912e-03
1.311526750214397907e-03
1.310811843723058701e-03
1.310133957304060459e-03
1.309842569753527641e-03
1.309589250013232231e-03
1.309263054281473160e-03
1.308853388763964176e-03
1.308565028011798859e-03
1.308227423578500748e-03
1.307921018451452255e-03
1.307574333623051643e-03
1.307379337958991528e-03
1.306955004110932350e-03
1.306591206230223179e-03
1.306016347371041775e-03
1.305137295275926590e-03
1.304157776758074760e-03
1.303579076193273067e-03
1.303022960200905800e-03
1.302442513406276703e-03
1.301779877394437790e-03
1.300486619584262371e-03
1.298895338550209999e-03
1.297978218644857407e-03
1.297197770327329636e-03
1.295938040129840374e-03
1.294443616643548012e-03
1.293029752559959888e-03
1.291409134864807129e-03
1.290043350309133530e-03
1.289210515096783638e-03
1.288680359721183777e-03
1.287149731069803238e-03
1.286813989281654358e-03
1.284898491576313972e-03
1.284055295400321484e-03
1.282996963709592819e-03
1.281835138797760010e-03
1.281118253245949745e-03
1.280497061088681221e-03
1.280029071494936943e-03
1.280817901715636253e-03
1.279563643038272858e-03
1.279000542126595974e-03
1.277870265766978264e-03
1.276805298402905464e-03
1.275869552046060562e-03
1.276155468076467514e-03
1.274550450034439564e-03
1.273529953323304653e-03
1.271920045837759972e-03
1.270248321816325188e-03
1.266547944396734238e-03
1.260857330635190010e-03
1.258050790056586266e-03
