2.565939331054687500e+01
2.558240318298339844e+01
2.497769927978515625e+01
2.568005752563476562e+01
2.370149803161621094e+01
2.135860061645507812e+01
4.360864639282226562e+01
2.035789299011230469e+01
2.022820281982421875e+01
4.274201171875000000e+03
6.915016937255859375e+01
2.003804969787597656e+01
1.775917816162109375e+01
1.748590469360351562e+01
1.472968101501464844e+01
2.638832664489746094e+01
1.398394584655761719e+01
1.365047073364257812e+01
1.222743701934814453e+01
1.111925315856933594e+01
3.049680519104003906e+01
1.086772823333740234e+01
1.041500473022460938e+01
9.184879302978515625e+00
9.828584671020507812e+00
8.397318840026855469e+00
7.676949501037597656e+00
1.087863826751708984e+01
6.741913795471191406e+00
6.550239562988281250e+00
5.460278511047363281e+00
5.532383918762207031e+00
4.967587471008300781e+00
4.777834892272949219e+00
4.712663650512695312e+00
4.689946651458740234e+00
4.647324562072753906e+00
4.590561866760253906e+00
4.406888961791992188e+00
4.008731365203857422e+00
3.918220043182373047e+00
3.623525142669677734e+00
3.301090240478515625e+00
3.011995077133178711e+00
2.935537576675415039e+00
2.838978767395019531e+00
2.718761682510375977e+00
2.971198081970214844e+00
2.657706260681152344e+00
2.654620409011840820e+00
2.646483659744262695e+00
2.644016742706298828e+00
2.633285522460937500e+00
2.609746217727661133e+00
2.565050601959228516e+00
2.482355833053588867e+00
2.412347793579101562e+00
2.301090955734252930e+00
2.241255521774291992e+00
2.212059497833251953e+00
2.173440217971801758e+00
2.163225412368774414e+00
2.119626760482788086e+00
2.085496902465820312e+00
2.004235506057739258e+00
2.013248920440673828e+00
1.954600691795349121e+00
2.747598648071289062e+00
1.885828495025634766e+00
1.829535722732543945e+00
1.983767986297607422e+00
1.786606669425964355e+00
1.959883570671081543e+00
1.766282558441162109e+00
1.753353118896484375e+00
1.744713068008422852e+00
1.732816696166992188e+00
1.716585755348205566e+00
1.688997268676757812e+00
1.647780656814575195e+00
1.612064719200134277e+00
1.572911381721496582e+00
1.537267088890075684e+00
1.494785666465759277e+00
1.437154650688171387e+00
1.405519843101501465e+00
1.383038878440856934e+00
1.370557427406311035e+00
1.348018407821655273e+00
1.304485082626342773e+00
1.238239169120788574e+00
1.156902432441711426e+00
1.092482089996337891e+00
1.049514770507812500e+00
9.775128364562988281e-01
9.507518410682678223e-01
8.844717741012573242e-01
8.269419670104980469e-01
7.753896713256835938e-01
7.537631988525390625e-01
7.376389503479003906e-01
7.131816744804382324e-01
7.064809799194335938e-01
6.695896983146667480e-01
6.517060399055480957e-01
6.404294967651367188e-01
6.258730888366699219e-01
6.062982082366943359e-01
5.911248922348022461e-01
5.841559767723083496e-01
5.705947279930114746e-01
5.581430196762084961e-01
5.393904447555541992e-01
5.206017494201660156e-01
5.116284489631652832e-01
5.081691741943359375e-01
5.039480328559875488e-01
4.990193247795104980e-01
4.895674586296081543e-01
4.684778451919555664e-01
4.435995817184448242e-01
4.235703945159912109e-01
3.971408009529113770e-01
4.175202548503875732e-01
3.863384723663330078e-01
3.965770900249481201e-01
3.819059431552886963e-01
3.823686838150024414e-01
3.767241835594177246e-01
3.731504082679748535e-01
3.684193491935729980e-01
3.617704510688781738e-01
3.495893478393554688e-01
3.363000154495239258e-01
3.232749700546264648e-01
3.117997348308563232e-01
2.990536689758300781e-01
2.804483771324157715e-01
2.705485820770263672e-01
2.652347683906555176e-01
2.538217902183532715e-01
2.299172878265380859e-01
1.939737200736999512e-01
1.585266590118408203e-01
1.544170379638671875e-01
1.856288462877273560e-01
1.409579813480377197e-01
1.835619807243347168e-01
1.279152184724807739e-01
1.206799596548080444e-01
1.125617921352386475e-01
1.098673939704895020e-01
1.085201501846313477e-01
1.071717292070388794e-01
1.061414852738380432e-01
1.053627952933311462e-01
1.039522364735603333e-01
1.023211106657981873e-01
9.977273643016815186e-02
9.594331681728363037e-02
9.310516715049743652e-02
1.025608703494071960e-01
9.155481308698654175e-02
8.730563521385192871e-02
8.194810152053833008e-02
7.782854139804840088e-02
7.581640779972076416e-02
7.439747452735900879e-02
7.285264134407043457e-02
7.050500810146331787e-02
6.581668555736541748e-02
5.968968570232391357e-02
5.545985698699951172e-02
5.461329221725463867e-02
5.435102432966232300e-02
5.415705591440200806e-02
5.406672507524490356e-02
5.383244901895523071e-02
5.353463441133499146e-02
5.293299630284309387e-02
5.207023024559020996e-02
5.007201433181762695e-02
4.597488790750503540e-02
4.242072999477386475e-02
3.904744982719421387e-02
3.746446594595909119e-02
3.698601573705673218e-02
3.611122816801071167e-02
3.613904118537902832e-02
3.586435690522193909e-02
3.501352667808532715e-02
3.419395536184310913e-02
3.350789472460746765e-02
3.361103683710098267e-02
3.319612517952919006e-02
3.293136507272720337e-02
3.277280181646347046e-02
3.265220671892166138e-02
3.243163600564002991e-02
3.210103139281272888e-02
3.171800822019577026e-02
3.146033734083175659e-02
3.121640533208847046e-02
3.097669221460819244e-02
3.067960590124130249e-02
3.023677319288253784e-02
2.972714044153690338e-02
2.946461550891399384e-02
2.923355624079704285e-02
2.871651202440261841e-02
2.834267914295196533e-02
2.773467451333999634e-02
2.736360579729080200e-02
2.694141864776611328e-02
2.607446350157260895e-02
2.531482093036174774e-02
2.486351504921913147e-02
2.440294250845909119e-02
2.384040504693984985e-02
2.367581799626350403e-02
2.349137328565120697e-02
2.324134111404418945e-02
2.292765118181705475e-02
2.257016301155090332e-02
2.161808684468269348e-02
2.137170359492301941e-02
2.157164365053176880e-02
2.097673527896404266e-02
2.083494141697883606e-02
2.021603658795356750e-02
1.981275901198387146e-02
1.925361901521682739e-02
1.838639564812183380e-02
1.790908165276050568e-02
1.735280081629753113e-02
1.895851455628871918e-02
1.713731139898300171e-02
1.675070263445377350e-02
1.628048345446586609e-02
1.597888767719268799e-02
1.564354076981544495e-02
1.534467376768589020e-02
1.499420218169689178e-02
1.509349606931209564e-02
1.485885307192802429e-02
1.466467045247554779e-02
1.458120066672563553e-02
1.436707843095064163e-02
1.427712105214595795e-02
1.442030724138021469e-02
1.423250511288642883e-02
1.412998884916305542e-02
1.398101262748241425e-02
1.388305611908435822e-02
1.380757801234722137e-02
1.375368051230907440e-02
1.371937524527311325e-02
1.367450971156358719e-02
1.358924247324466705e-02
1.349231600761413574e-02
1.336143072694540024e-02
1.312030851840972900e-02
1.284737326204776764e-02
1.250833552330732346e-02
1.519963890314102173e-02
1.236142590641975403e-02
1.186459790915250778e-02
1.111184805631637573e-02
1.043033599853515625e-02
9.591373614966869354e-03
9.394343011081218719e-03
9.153569117188453674e-03
8.188836276531219482e-03
8.018841035664081573e-03
7.907378487288951874e-03
7.856119424104690552e-03
7.821268402040004730e-03
7.779365405440330505e-03
7.668692152947187424e-03
7.581404410302639008e-03
7.495611906051635742e-03
7.421281188726425171e-03
7.347920909523963928e-03
7.287807762622833252e-03
7.236951030790805817e-03
7.170864846557378769e-03
7.056433707475662231e-03
6.947441957890987396e-03
6.848159246146678925e-03
6.694076117128133774e-03
6.535711698234081268e-03
6.412706803530454636e-03
6.378596648573875427e-03
6.374336313456296921e-03
6.366414949297904968e-03
6.365727167576551437e-03
6.365058012306690216e-03
6.364470813423395157e-03
6.362157873809337616e-03
6.359064020216464996e-03
6.352470256388187408e-03
6.340356543660163879e-03
6.314377766102552414e-03
6.259420886635780334e-03
6.147557869553565979e-03
5.963614210486412048e-03
5.802768282592296600e-03
1.805245690047740936e-02
5.719092674553394318e-03
5.506542511284351349e-03
5.404044874012470245e-03
5.317601840943098068e-03
5.273826885968446732e-03
5.237965844571590424e-03
5.217909812927246094e-03
5.184207111597061157e-03
5.113717168569564819e-03
4.988870583474636078e-03
4.869794473052024841e-03
5.614308174699544907e-03
4.820370115339756012e-03
4.699558019638061523e-03
4.628645721822977066e-03
4.529786296188831329e-03
4.476998932659626007e-03
4.443736281245946884e-03
4.448979161679744720e-03
4.432142712175846100e-03
4.497333429753780365e-03
4.421280231326818466e-03
4.410833120346069336e-03
4.401107318699359894e-03
4.394625313580036163e-03
4.380121827125549316e-03
4.360619001090526581e-03
4.345445893704891205e-03
4.388269037008285522e-03
4.342330619692802429e-03
4.333930090069770813e-03
4.326807335019111633e-03
4.320735111832618713e-03
4.318922758102416992e-03
4.318285733461380005e-03
4.317809361964464188e-03
4.317205399274826050e-03
4.316456615924835205e-03
4.313394427299499512e-03
4.307510331273078918e-03
4.291482269763946533e-03
4.258557222783565521e-03
4.198152571916580200e-03
4.602793138474225998e-03
4.168668296188116074e-03
4.101033322513103485e-03
4.055249504745006561e-03
3.994795493781566620e-03
4.026911687105894089e-03
3.976596053689718246e-03
3.970550373196601868e-03
3.965304233133792877e-03
3.960803151130676270e-03
3.959951922297477722e-03
3.959266468882560730e-03
3.958832472562789917e-03
3.958612680435180664e-03
3.958006855100393295e-03
3.957044333219528198e-03
3.954977728426456451e-03
3.950297832489013672e-03
3.942824434489011765e-03
3.924709744751453400e-03
3.834520466625690460e-03
3.891158849000930786e-03
3.788428381085395813e-03
5.947392433881759644e-03
3.709960728883743286e-03
3.608106169849634171e-03
3.509050700813531876e-03
3.468545153737068176e-03
3.436441766098141670e-03
3.430396318435668945e-03
3.420484717935323715e-03
3.417765721678733826e-03
3.417328931391239166e-03
3.415843471884727478e-03
3.414116799831390381e-03
3.412288147956132889e-03
3.407195210456848145e-03
3.399848705157637596e-03
3.463261295109987259e-03
3.391093108803033829e-03
3.362835384905338287e-03
3.318531904369592667e-03
3.332336200401186943e-03
3.295499365776777267e-03
3.248864086344838142e-03
3.227191511541604996e-03
3.229574998840689659e-03
3.210926428437232971e-03
3.196263685822486877e-03
3.200718900188803673e-03
3.188229631632566452e-03
3.179954132065176964e-03
3.173851873725652695e-03
3.164069028571248055e-03
3.151658223941922188e-03
3.124924376606941223e-03
3.082420676946640015e-03
3.189818933606147766e-03
3.064915072172880173e-03
3.024614416062831879e-03
2.964703133329749107e-03
2.909847535192966461e-03
2.957198303192853928e-03
2.860452514141798019e-03
2.808302640914916992e-03
2.777950372546911240e-03
2.749229781329631805e-03
2.733034081757068634e-03
2.716342452913522720e-03
2.707323059439659119e-03
2.702230820432305336e-03
2.698978409171104431e-03
2.696483861654996872e-03
2.695023082196712494e-03
2.692437730729579926e-03
2.688732463866472244e-03
2.675216412171721458e-03
2.664071507751941681e-03
2.652639523148536682e-03
2.644810592755675316e-03
2.641624305397272110e-03
2.638529287651181221e-03
2.629277296364307404e-03
2.621614374220371246e-03
2.618319820612668991e-03
2.615458332002162933e-03
2.609042450785636902e-03
2.601107116788625717e-03
2.590994350612163544e-03
2.581326058134436607e-03
2.568800002336502075e-03
2.565261442214250565e-03
2.557982224971055984e-03
2.541158348321914673e-03
2.522771246731281281e-03
2.516774693503975868e-03
2.514066174626350403e-03
2.512810751795768738e-03
2.511605620384216309e-03
2.511049620807170868e-03
2.510566264390945435e-03
2.510040998458862305e-03
2.509481273591518402e-03
2.507846569642424583e-03
2.506088931113481522e-03
2.504326868802309036e-03
2.502674004063010216e-03
2.500413684174418449e-03
2.496912144124507904e-03
2.490759827196598053e-03
2.483250573277473450e-03
2.545393537729978561e-03
2.477548317983746529e-03
2.469278872013092041e-03
2.458829898387193680e-03
2.455110428854823112e-03
2.449381630867719650e-03
2.446890808641910553e-03
2.446601400151848793e-03
2.446244936436414719e-03
2.445908728986978531e-03
2.445697318762540817e-03
2.445316873490810394e-03
2.444165525957942009e-03
2.442701719701290131e-03
2.439766889438033104e-03
2.435303758829832077e-03
2.439537085592746735e-03
2.432869281619787216e-03
2.426114166155457497e-03
2.422743011265993118e-03
2.420269651338458061e-03
2.418330404907464981e-03
2.416250761598348618e-03
2.414850750938057899e-03
2.413810929283499718e-03
2.413450973108410835e-03
2.413233276456594467e-03
2.413162495940923691e-03
2.413122681900858879e-03
2.413277048617601395e-03
2.412940375506877899e-03
2.412391360849142075e-03
2.408389933407306671e-03
2.402196172624826431e-03
2.394266426563262939e-03
2.361985389143228531e-03
2.326683374121785164e-03
2.371809445321559906e-03
2.317985519766807556e-03
2.317680045962333679e-03
2.307272516191005707e-03
2.349054673686623573e-03
2.301863394677639008e-03
2.289410680532455444e-03
2.274073194712400436e-03
2.244596136733889580e-03
2.214842243120074272e-03
3.033687826246023178e-03
2.196540124714374542e-03
2.165878424420952797e-03
2.166029065847396851e-03
2.141108270734548569e-03
2.134664449840784073e-03
2.109977882355451584e-03
2.201228169724345207e-03
2.094870433211326599e-03
2.121322089806199074e-03
2.067557768896222115e-03
2.022792818024754524e-03
1.991415396332740784e-03
1.969262259081006050e-03
1.964785391464829445e-03
1.940134447067975998e-03
1.915767090395092964e-03
2.017662860453128815e-03
1.903205527924001217e-03
1.901069423183798790e-03
1.886195619590580463e-03
1.874403562396764755e-03
1.862826058641076088e-03
1.856989576481282711e-03
1.848516287282109261e-03
1.845177495852112770e-03
1.840836135670542717e-03
1.837120275013148785e-03
1.832201844081282616e-03
1.824087463319301605e-03
1.816122559830546379e-03
1.810929970815777779e-03
1.807752298191189766e-03
1.805465202778577805e-03
1.803476596251130104e-03
1.801883918233215809e-03
1.800520112738013268e-03
1.799056539312005043e-03
1.797093311324715614e-03
1.795317628420889378e-03
1.793605508282780647e-03
1.791770104318857193e-03
1.790227834135293961e-03
1.788626890629529953e-03
1.785394269973039627e-03
1.780279446393251419e-03
1.774222240783274174e-03
1.770651433616876602e-03
1.772505464032292366e-03
1.766994828358292580e-03
1.764372922480106354e-03
1.761845313012599945e-03
1.759346108883619308e-03
1.757183345034718513e-03
1.755681820213794708e-03
1.755851670168340206e-03
1.754152122884988785e-03
1.750936149619519711e-03
1.746519003063440323e-03
1.738221617415547371e-03
1.737122191116213799e-03
1.733452081680297852e-03
1.723597524687647820e-03
1.713003730401396751e-03
1.717785955406725407e-03
1.708173425868153572e-03
1.701857661828398705e-03
1.705813687294721603e-03
1.695519080385565758e-03
1.692587858997285366e-03
1.685062074102461338e-03
1.682857517153024673e-03
1.681074150837957859e-03
1.679396023973822594e-03
1.679098000749945641e-03
1.678610686212778091e-03
1.678292406722903252e-03
1.677621272392570972e-03
1.676956890150904655e-03
1.676549902185797691e-03
1.676003681495785713e-03
1.675332197919487953e-03
1.673840335570275784e-03
1.672370126470923424e-03
1.670623314566910267e-03
1.668740296736359596e-03
1.666968688368797302e-03
1.665161922574043274e-03
1.663719536736607552e-03
1.662291004322469234e-03
1.661124406382441521e-03
1.659494359046220779e-03
1.658269902691245079e-03
1.655581407248973846e-03
1.653741812333464622e-03
1.652312930673360825e-03
1.650384394451975822e-03
1.648688223212957382e-03
1.645831973291933537e-03
1.643379218876361847e-03
1.641553011722862720e-03
1.640495611354708672e-03
1.639724010601639748e-03
1.636410597711801529e-03
1.633546780794858932e-03
1.631007064133882523e-03
1.629588427022099495e-03
1.625991892069578171e-03
1.622566953301429749e-03
1.634415006265044212e-03
1.617250731214880943e-03
1.610627979971468449e-03
1.605449593625962734e-03
1.605996862053871155e-03
1.601878786459565163e-03
1.607084879651665688e-03
1.595859532244503498e-03
1.603956101462244987e-03
1.592480228282511234e-03
1.587785896845161915e-03
1.583056407980620861e-03
1.581973861902952194e-03
1.578847062774002552e-03
1.577415503561496735e-03
1.576610608026385307e-03
1.576196984387934208e-03
1.575957983732223511e-03
1.575752743519842625e-03
1.575619447976350784e-03
1.575460657477378845e-03
1.575223752297461033e-03
1.574968220666050911e-03
1.574765658006072044e-03
1.575215603224933147e-03
1.574680907651782036e-03
1.574430847540497780e-03
1.574160531163215637e-03
1.573485089465975761e-03
1.572678331285715103e-03
1.571348751895129681e-03
1.568604260683059692e-03
1.564230420626699924e-03
1.562638441100716591e-03
1.558219548314809799e-03
1.554399728775024414e-03
1.548936590552330017e-03
1.543998718261718750e-03
1.537938835099339485e-03
1.536600757390260696e-03
1.532959868200123310e-03
1.529796863906085491e-03
1.521109719760715961e-03
1.513650873675942421e-03
1.506687607616186142e-03
1.498535508289933205e-03
1.495968666858971119e-03
1.490428810939192772e-03
1.493214047513902187e-03
1.488468027673661709e-03
1.485311193391680717e-03
1.479462021961808205e-03
1.474826713092625141e-03
1.471805851906538010e-03
1.473037642426788807e-03
1.470429822802543640e-03
1.476582838222384453e-03
1.469842274673283100e-03
1.468788599595427513e-03
1.467585447244346142e-03
1.466640620492398739e-03
1.466027693822979927e-03
1.465549110434949398e-03
1.464998931623995304e-03
1.464249566197395325e-03
1.463309163227677345e-03
1.462926738895475864e-03
1.462534302845597267e-03
1.462182728573679924e-03
1.462002866901457310e-03
1.461922307498753071e-03
1.461824518628418446e-03
1.461668522097170353e-03
1.461516018025577068e-03
1.461179112084209919e-03
1.460398198105394840e-03
1.458933227695524693e-03
1.456212019547820091e-03
1.450809999369084835e-03
1.488135778345167637e-03
1.447299262508749962e-03
1.441646600142121315e-03
1.439157291315495968e-03
1.436062157154083252e-03
1.431457814760506153e-03
1.435935730114579201e-03
1.429454190656542778e-03
1.426383154466748238e-03
1.425336347892880440e-03
1.425915863364934921e-03
1.423820271156728268e-03
1.422517118044197559e-03
1.421265071257948875e-03
1.418531406670808792e-03
1.416516490280628204e-03
1.415241858921945095e-03
1.413997262716293335e-03
1.412445330061018467e-03
1.410504570230841637e-03
1.404891489073634148e-03
1.411185949109494686e-03
1.402167137712240219e-03
1.399466884322464466e-03
1.397272571921348572e-03
1.398449065163731575e-03
1.396312960423529148e-03
1.394828432239592075e-03
1.394052058458328247e-03
1.392503618262708187e-03
1.388762844726443291e-03
1.382306101731956005e-03
1.383512513712048531e-03
1.376245752908289433e-03
1.500344485975801945e-03
1.368621480651199818e-03
1.359010464511811733e-03
1.345887314528226852e-03
1.338789705187082291e-03
1.337241032160818577e-03
1.334911095909774303e-03
1.333158696070313454e-03
1.332095474936068058e-03
1.331507111899554729e-03
1.331135747022926807e-03
1.330892322584986687e-03
1.330824801698327065e-03
1.330769155174493790e-03
1.330679864622652531e-03
1.330640399828553200e-03
1.330491504631936550e-03
1.330293598584830761e-03
1.329879974946379662e-03
1.331650535576045513e-03
1.329558668658137321e-03
1.328668440692126751e-03
1.326609170064330101e-03
1.325889374129474163e-03
1.325158984400331974e-03
1.324460376054048538e-03
1.323900185525417328e-03
1.323631615377962589e-03
1.323528820648789406e-03
1.323387259617447853e-03
1.323100528679788113e-03
1.322782714851200581e-03
1.322456402704119682e-03
1.322162570431828499e-03
1.321833697147667408e-03
1.321841613389551640e-03
1.321631018072366714e-03
1.321391435340046883e-03
1.321174320764839649e-03
1.320786657743155956e-03
1.320242066867649555e-03
1.318509341217577457e-03
1.333225867711007595e-03
1.317547284997999668e-03
1.316428883001208305e-03
1.315193367190659046e-03
1.314865890890359879e-03
1.311868429183959961e-03
1.307053375057876110e-03
1.306234160438179970e-03
1.304938690736889839e-03
1.319884206168353558e-03
1.303650555200874805e-03
1.302188029512763023e-03
1.298697898164391518e-03
1.297139446251094341e-03
1.294172485359013081e-03
1.296864356845617294e-03
1.292670145630836487e-03
1.291620545089244843e-03
1.289818785153329372e-03
1.289068139158189297e-03
1.288501895032823086e-03
1.288038212805986404e-03
1.287451246753334999e-03
1.286652288399636745e-03
1.285665086470544338e-03
1.284890575334429741e-03
1.284053549170494080e-03
1.283362274989485741e-03
1.282974029891192913e-03
1.282877288758754730e-03
1.282807439565658569e-03
1.282561803236603737e-03
1.282490091398358345e-03
1.282112090848386288e-03
1.281950389966368675e-03
1.281682634726166725e-03
1.281360280700027943e-03
1.281209290027618408e-03
1.280937576666474342e-03
1.280555268749594688e-03
1.279684947803616524e-03
1.281987759284675121e-03
1.279112999327480793e-03
1.277304487302899361e-03
1.273795962333679199e-03
1.277971663512289524e-03
1.272801309823989868e-03
1.283507444895803928e-03
1.271836459636688232e-03
1.269608736038208008e-03
1.267347834073007107e-03
1.265205792151391506e-03
1.262158271856606007e-03
1.259087584912776947e-03
1.258287811651825905e-03
1.256856252439320087e-03
1.255709794349968433e-03
1.252596382983028889e-03
1.250870176590979099e-03
1.248552580364048481e-03
1.249007182195782661e-03
1.246885163709521294e-03
1.244759536348283291e-03
1.243980950675904751e-03
1.243632053956389427e-03
1.242826110683381557e-03
1.242264523170888424e-03
1.241843448951840401e-03
1.241441350430250168e-03
1.241123653016984463e-03
1.240927143953740597e-03
1.240708166733384132e-03
1.240424229763448238e-03
1.239991863258183002e-03
1.239497447386384010e-03
1.238809316419064999e-03
1.237691263668239117e-03
1.236467389389872551e-03
1.233107177540659904e-03
1.227750559337437153e-03
1.226146705448627472e-03
1.232955954037606716e-03
1.223134808242321014e-03
1.284881727769970894e-03
1.218212186358869076e-03
1.214832882396876812e-03
1.211251015774905682e-03
1.209918875247240067e-03
1.207521185278892517e-03
1.206976361572742462e-03
1.206771354191005230e-03
1.206172630190849304e-03
1.205666456371545792e-03
1.205143053084611893e-03
1.204630010761320591e-03
1.204056781716644764e-03
1.203527906909584999e-03
1.203197403810918331e-03
1.202996703796088696e-03
1.202663988806307316e-03
1.202392624691128731e-03
1.201901817694306374e-03
1.201481325551867485e-03
1.201133243739604950e-03
1.200806815177202225e-03
1.200526254251599312e-03
1.200355356559157372e-03
1.200201688334345818e-03
1.200387720018625259e-03
1.200106577016413212e-03
1.199982012622058392e-03
1.199734397232532501e-03
1.199344638735055923e-03
1.198407378979027271e-03
1.198700978420674801e-03
1.197126694023609161e-03
1.197130070067942142e-03
1.195914694108068943e-03
1.194965094327926636e-03
1.194638316519558430e-03
1.193915260955691338e-03
1.193224918097257614e-03
1.192860654555261135e-03
1.191801042295992374e-03
1.191149349324405193e-03
1.190087408758699894e-03
1.188417547382414341e-03
1.189207774586975574e-03
1.187762827612459660e-03
1.186379464343190193e-03
1.186014502309262753e-03
1.185148488730192184e-03
1.183041837066411972e-03
1.181398634798824787e-03
1.180386752821505070e-03
1.196071854792535305e-03
1.179413055069744587e-03
1.178562641143798828e-03
1.177076366730034351e-03
1.176234800368547440e-03
1.175469486042857170e-03
1.175122335553169250e-03
1.174772158265113831e-03
1.174355857074260712e-03
1.173972035758197308e-03
1.173324766568839550e-03
1.172351650893688202e-03
1.171443960629403591e-03
1.170625444501638412e-03
1.169591909274458885e-03
1.168266404420137405e-03
1.166914356872439384e-03
1.165376743301749229e-03
1.164481043815612793e-03
1.163569628261029720e-03
1.162438769824802876e-03
1.161876134574413300e-03
1.160860178060829639e-03
1.160903717391192913e-03
1.160393469035625458e-03
1.159385312348604202e-03
1.158793456852436066e-03
1.157754682935774326e-03
1.157122547738254070e-03
1.156405778601765633e-03
1.155748963356018066e-03
1.155190169811248779e-03
1.154734170995652676e-03
1.153344288468360901e-03
1.151960575953125954e-03
1.151288277469575405e-03
1.150662079453468323e-03
1.150320516899228096e-03
1.149389077909290791e-03
1.148693030700087547e-03
1.147919334471225739e-03
1.147104892879724503e-03
1.145846559666097164e-03
1.146147609688341618e-03
1.144442241638898849e-03
1.145107671618461609e-03
1.143677160143852234e-03
1.143555622547864914e-03
1.143326866440474987e-03
1.142733613960444927e-03
1.142032793723046780e-03
1.140882610343396664e-03
1.139358617365360260e-03
1.140155596658587456e-03
1.138391788117587566e-03
1.137634739279747009e-03
1.136385486461222172e-03
1.136032515205442905e-03
1.135600963607430458e-03
1.135396771132946014e-03
1.134966150857508183e-03
1.135118654929101467e-03
1.134912017732858658e-03
1.134733553044497967e-03
1.134564517997205257e-03
1.135036349296569824e-03
1.134539954364299774e-03
1.134310732595622540e-03
1.134002930484712124e-03
1.133783720433712006e-03
1.133631914854049683e-03
1.133472425863146782e-03
1.133293146267533302e-03
1.132977893576025963e-03
1.132507575675845146e-03
1.132367178797721863e-03
1.132054254412651062e-03
1.130688819102942944e-03
1.129650627262890339e-03
1.132478355430066586e-03
1.129140844568610191e-03
1.129028154537081718e-03
1.128520583733916283e-03
1.128373551182448864e-03
1.128154923208057880e-03
1.127921394072473049e-03
1.127471332438290119e-03
1.126615214161574841e-03
1.125926151871681213e-03
1.126315793953835964e-03
1.125366077758371830e-03
1.125475391745567322e-03
