2.565939331054687500e+01
2.558240318298339844e+01
2.497769737243652344e+01
2.568005561828613281e+01
2.370149803161621094e+01
2.135860252380371094e+01
4.361208724975585938e+01
2.035792350769042969e+01
2.022819900512695312e+01
4.274595214843750000e+03
6.915229797363281250e+01
2.003805160522460938e+01
1.775918388366699219e+01
1.748590660095214844e+01
1.473026943206787109e+01
2.638072204589843750e+01
1.398409461975097656e+01
1.365073966979980469e+01
1.222839736938476562e+01
1.111298942565917969e+01
3.035134315490722656e+01
1.086489295959472656e+01
1.040860652923583984e+01
9.181229591369628906e+00
9.853339195251464844e+00
8.393033981323242188e+00
7.673114776611328125e+00
1.073243236541748047e+01
6.743750572204589844e+00
6.521680831909179688e+00
5.422534465789794922e+00
5.566756248474121094e+00
4.948551177978515625e+00
4.763219356536865234e+00
4.700755596160888672e+00
4.641773700714111328e+00
4.386628150939941406e+00
3.867376327514648438e+00
3.309137344360351562e+00
3.734515190124511719e+00
3.052178859710693359e+00
2.871566295623779297e+00
2.648283243179321289e+00
2.479784250259399414e+00
2.419155597686767578e+00
2.378251791000366211e+00
2.344519853591918945e+00
2.342031955718994141e+00
2.328736543655395508e+00
2.314989566802978516e+00
2.274724483489990234e+00
2.178041696548461914e+00
2.097732543945312500e+00
1.980079293251037598e+00
1.888749361038208008e+00
2.041769981384277344e+00
1.848805546760559082e+00
1.834213137626647949e+00
1.808812260627746582e+00
1.785074591636657715e+00
1.769102692604064941e+00
1.752589941024780273e+00
1.744772315025329590e+00
1.734818577766418457e+00
1.702773690223693848e+00
1.664015293121337891e+00
1.602254152297973633e+00
1.544276952743530273e+00
1.592343926429748535e+00
1.513338088989257812e+00
1.406750440597534180e+00
1.217538237571716309e+00
1.318778276443481445e+00
1.152261614799499512e+00
1.066261172294616699e+00
9.901046752929687500e-01
1.307662844657897949e+00
9.630400538444519043e-01
1.001776456832885742e+00
8.898847103118896484e-01
8.410173058509826660e-01
8.095206618309020996e-01
7.570124864578247070e-01
7.349632978439331055e-01
6.914885640144348145e-01
6.702798008918762207e-01
6.429774761199951172e-01
6.506984233856201172e-01
5.841209888458251953e-01
4.932470321655273438e-01
4.261716902256011963e-01
6.266151070594787598e-01
4.191164970397949219e-01
4.182980656623840332e-01
3.982352614402770996e-01
3.910349905490875244e-01
3.774608671665191650e-01
3.079891502857208252e-01
2.719832956790924072e-01
2.582273483276367188e-01
2.463924586772918701e-01
2.425693571567535400e-01
2.304164767265319824e-01
2.232730686664581299e-01
2.173918485641479492e-01
2.124890089035034180e-01
2.071369290351867676e-01
1.981801241636276245e-01
1.899873614311218262e-01
1.837441921234130859e-01
1.766834855079650879e-01
1.584941446781158447e-01
1.335418522357940674e-01
1.261839419603347778e-01
1.219272762537002563e-01
1.192485392093658447e-01
1.165127456188201904e-01
1.120015829801559448e-01
9.948367625474929810e-02
9.007976949214935303e-02
8.306565880775451660e-02
7.941049337387084961e-02
7.756435871124267578e-02
7.396831363439559937e-02
7.261663675308227539e-02
7.151184976100921631e-02
7.098384201526641846e-02
7.073508203029632568e-02
7.021200656890869141e-02
6.963248550891876221e-02
6.887916475534439087e-02
6.788712739944458008e-02
6.688302755355834961e-02
6.566620618104934692e-02
6.362883746623992920e-02
6.129934266209602356e-02
5.958918109536170959e-02
6.185589730739593506e-02
5.884575471282005310e-02
5.857788398861885071e-02
5.816040933132171631e-02
5.799079686403274536e-02
5.778045207262039185e-02
5.731653422117233276e-02
5.606264248490333557e-02
5.589184537529945374e-02
5.472761020064353943e-02
5.405016988515853882e-02
5.251043289899826050e-02
5.170416459441184998e-02
5.105485767126083374e-02
5.062692612409591675e-02
5.047266930341720581e-02
5.031276866793632507e-02
5.017992481589317322e-02
5.002113804221153259e-02
4.973614960908889771e-02
4.929350689053535461e-02
4.854783415794372559e-02
4.761341959238052368e-02
4.654880985617637634e-02
4.585091024637222290e-02
4.519601538777351379e-02
4.413283988833427429e-02
4.303998872637748718e-02
4.203522205352783203e-02
4.111238941550254822e-02
3.920877352356910706e-02
3.777205199003219604e-02
3.767317533493041992e-02
3.605708479881286621e-02
3.517648205161094666e-02
3.476019948720932007e-02
3.455998003482818604e-02
3.444129228591918945e-02
3.434293717145919800e-02
3.426513820886611938e-02
3.406275808811187744e-02
3.315629810094833374e-02
3.100380301475524902e-02
2.713288366794586182e-02
2.729445695877075195e-02
2.433374710381031036e-02
3.207388520240783691e-02
2.282230928540229797e-02
2.075816690921783447e-02
2.145713567733764648e-02
1.995177939534187317e-02
1.936047710478305817e-02
1.882246509194374084e-02
1.831387728452682495e-02
1.790262758731842041e-02
1.742372289299964905e-02
1.711120642721652985e-02
1.692970842123031616e-02
1.680956780910491943e-02
1.668871752917766571e-02
1.650427654385566711e-02
1.616772636771202087e-02
1.589820533990859985e-02
1.571822911500930786e-02
1.565997675061225891e-02
1.558710169047117233e-02
1.550753414630889893e-02
1.534884609282016754e-02
1.518387161195278168e-02
1.498017273843288422e-02
1.470937300473451614e-02
1.440430153161287308e-02
1.413093134760856628e-02
1.451468747109174728e-02
1.398591883480548859e-02
1.375973410904407501e-02
1.336433459073305130e-02
1.256486959755420685e-02
1.207298692315816879e-02
1.161545142531394958e-02
1.138732209801673889e-02
1.130863744765520096e-02
1.122106611728668213e-02
1.097717508673667908e-02
1.071774214506149292e-02
1.009277161210775375e-02
9.295538067817687988e-03
8.419643156230449677e-03
7.984088733792304993e-03
7.780174259096384048e-03
7.669609040021896362e-03
7.529995404183864594e-03
7.340872660279273987e-03
7.159839384257793427e-03
6.998509168624877930e-03
6.865863688290119171e-03
6.758321076631546021e-03
6.675473414361476898e-03
6.669077090919017792e-03
6.634302437305450439e-03
6.628088653087615967e-03
6.613764446228742599e-03
6.598353385925292969e-03
6.557568907737731934e-03
6.487439386546611786e-03
6.407062523066997528e-03
6.308211013674736023e-03
6.198226008564233780e-03
6.076217163354158401e-03
5.960501730442047119e-03
5.880644544959068298e-03
5.818430334329605103e-03
5.711279343813657761e-03
5.778822116553783417e-03
5.543894134461879730e-03
5.469059571623802185e-03
5.372874438762664795e-03
5.335085093975067139e-03
5.313364788889884949e-03
5.302350502461194992e-03
5.295232404023408890e-03
5.291601642966270447e-03
5.290528759360313416e-03
5.289203487336635590e-03
5.287848878651857376e-03
5.283108912408351898e-03
5.273451562970876694e-03
5.248415283858776093e-03
5.163061432540416718e-03
5.389950238168239594e-03
5.115174688398838043e-03
8.556471206247806549e-03
5.079668946564197540e-03
4.978232085704803467e-03
4.921827930957078934e-03
4.831572994589805603e-03
4.780138842761516571e-03
4.706689622253179550e-03
4.669591318815946579e-03
4.826001357287168503e-03
4.646227695047855377e-03
4.618790466338396072e-03
4.573015961796045303e-03
4.555175080895423889e-03
4.545603413134813309e-03
4.529367201030254364e-03
4.517497494816780090e-03
4.498699679970741272e-03
4.493563901633024216e-03
4.453928675502538681e-03
4.417822230607271194e-03
4.377262666821479797e-03
4.352830350399017334e-03
4.329711198806762695e-03
4.310623276978731155e-03
4.296361468732357025e-03
4.288622178137302399e-03
4.284427966922521591e-03
4.282037727534770966e-03
4.279782529920339584e-03
4.277485888451337814e-03
4.272085614502429962e-03
4.268111195415258408e-03
4.260658286511898041e-03
4.255007952451705933e-03
4.251700825989246368e-03
4.248125478625297546e-03
4.245969466865062714e-03
4.243836738169193268e-03
4.243225790560245514e-03
4.240717738866806030e-03
4.237481858581304550e-03
4.232732113450765610e-03
4.226652439683675766e-03
4.219489637762308121e-03
4.217131063342094421e-03
4.215041175484657288e-03
4.214195068925619125e-03
4.212957806885242462e-03
4.212217405438423157e-03
4.211427643895149231e-03
4.219560883939266205e-03
4.211290273815393448e-03
4.210768267512321472e-03
4.210306797176599503e-03
4.209831822663545609e-03
4.208097234368324280e-03
4.204801283776760101e-03
4.198444541543722153e-03
4.318437539041042328e-03
4.195273853838443756e-03
4.185061901807785034e-03
4.237146582454442978e-03
4.159078933298587799e-03
4.128413740545511246e-03
4.122873768210411072e-03
4.113972652703523636e-03
4.090546630322933197e-03
4.056575242429971695e-03
4.093419294804334641e-03
4.042990505695343018e-03
4.007571842521429062e-03
3.996310289949178696e-03
3.998472355306148529e-03
3.986855503171682358e-03
4.004726652055978775e-03
3.980762325227260590e-03
3.969147801399230957e-03
3.941921982914209366e-03
3.917478956282138824e-03
4.289632663130760193e-03
3.899862058460712433e-03
3.883921541273593903e-03
3.861795179545879364e-03
3.833189141005277634e-03
3.814543830230832100e-03
3.792797913774847984e-03
3.773180302232503891e-03
3.770684357732534409e-03
3.761566011235117912e-03
3.755646757781505585e-03
3.751786425709724426e-03
3.747760318219661713e-03
3.745371010154485703e-03
3.742121858522295952e-03
3.740276210010051727e-03
3.739841282367706299e-03
3.739500418305397034e-03
3.739205189049243927e-03
3.738669678568840027e-03
3.737728809937834740e-03
3.732761135324835777e-03
3.729109186679124832e-03
3.719063242897391319e-03
3.690741956233978271e-03
3.681203816086053848e-03
3.647195873782038689e-03
3.652842482551932335e-03
3.630272345617413521e-03
3.604883560910820961e-03
3.586783772334456444e-03
3.586818464100360870e-03
3.572627669200301170e-03
3.570619504898786545e-03
3.556656651198863983e-03
3.539880737662315369e-03
3.531507682055234909e-03
3.510187845677137375e-03
3.535149386152625084e-03
3.502866951748728752e-03
3.497076919302344322e-03
3.492043586447834969e-03
3.484281711280345917e-03
3.481271443888545036e-03
3.478301223367452621e-03
3.476553363725543022e-03
3.475834149867296219e-03
3.475162899121642113e-03
3.473611082881689072e-03
3.472368232905864716e-03
3.470410825684666634e-03
3.469344694167375565e-03
3.468433860689401627e-03
3.467409405857324600e-03
3.465623129159212112e-03
3.463759319856762886e-03
3.460145089775323868e-03
3.455182071775197983e-03
3.443672321736812592e-03
3.424890339374542236e-03
3.391832578927278519e-03
3.340074792504310608e-03
3.395217936486005783e-03
3.306627273559570312e-03
3.265357576310634613e-03
3.233966184780001640e-03
3.158954903483390808e-03
3.261437173932790756e-03
3.111627884209156036e-03
3.129245713353157043e-03
3.045585704967379570e-03
3.024794161319732666e-03
3.032636828720569611e-03
3.018873045220971107e-03
3.013324923813343048e-03
3.008469240739941597e-03
3.004583297297358513e-03
2.998852171003818512e-03
2.996951574459671974e-03
2.981431083753705025e-03
2.962774829939007759e-03
2.955134958028793335e-03
2.940674778074026108e-03
2.929987851530313492e-03
2.918937709182500839e-03
2.911246614530682564e-03
2.905725035816431046e-03
2.897645346820354462e-03
2.922704908996820450e-03
2.894249744713306427e-03
2.888133982196450233e-03
2.883703680709004402e-03
2.880578860640525818e-03
2.878081519156694412e-03
2.876598853617906570e-03
2.874993486329913139e-03
2.874936908483505249e-03
2.874359721317887306e-03
2.873204415664076805e-03
2.871993230655789375e-03
2.868698444217443466e-03
2.865669783204793930e-03
2.863105386495590210e-03
2.868157811462879181e-03
2.862086286768317223e-03
2.859123051166534424e-03
2.855084137991070747e-03
2.854619408026337624e-03
2.853019163012504578e-03
2.852363977581262589e-03
2.851695055142045021e-03
2.850925084203481674e-03
2.849036594852805138e-03
2.846932038664817810e-03
2.845824696123600006e-03
2.846139483153820038e-03
2.845249604433774948e-03
2.844596980139613152e-03
2.844060538336634636e-03
2.842946909368038177e-03
2.841746900230646133e-03
2.840661909431219101e-03
2.839785534888505936e-03
2.842679619789123535e-03
2.839578548446297646e-03
2.838870510458946228e-03
2.837956650182604790e-03
2.836294239386916161e-03
2.836351282894611359e-03
2.835378050804138184e-03
2.835331950336694717e-03
2.834680257365107536e-03
2.834213431924581528e-03
2.833757083863019943e-03
2.833510981872677803e-03
2.833158476278185844e-03
2.832918195053935051e-03
2.832650905475020409e-03
2.832429483532905579e-03
2.832050900906324387e-03
2.843308262526988983e-03
2.831798512488603592e-03
2.831261372193694115e-03
2.827919088304042816e-03
2.823080867528915405e-03
2.820371417328715324e-03
2.817112719640135765e-03
2.801580587401986122e-03
2.867197850719094276e-03
2.781090326607227325e-03
2.732563298195600510e-03
2.768553560599684715e-03
2.696510637179017067e-03
2.780388807877898216e-03
2.680122386664152145e-03
2.750200219452381134e-03
2.659713849425315857e-03
2.630831208080053329e-03
2.775112399831414223e-03
2.618279075250029564e-03
2.648155670613050461e-03
2.595772501081228256e-03
2.568496856838464737e-03
2.564872847869992256e-03
2.556391060352325439e-03
2.607270376756787300e-03
2.548085059970617294e-03
2.531203906983137131e-03
2.519101370126008987e-03
2.513876184821128845e-03
2.511776052415370941e-03
2.507339697331190109e-03
2.506154822185635567e-03
2.504836302250623703e-03
2.503679133951663971e-03
2.502468181774020195e-03
2.500876318663358688e-03
2.497445791959762573e-03
2.492358442395925522e-03
2.485186792910099030e-03
2.479206537827849388e-03
2.472874475643038750e-03
2.470812760293483734e-03
2.470120554789900780e-03
2.469056984409689903e-03
2.468484919518232346e-03
2.467785961925983429e-03
2.466841368004679680e-03
2.465471159666776657e-03
2.463571494445204735e-03
2.461803844198584557e-03
2.460662741214036942e-03
2.458288567140698433e-03
2.454667119309306145e-03
2.443580422550439835e-03
2.437258604913949966e-03
2.427552361041307449e-03
2.421414013952016830e-03
2.414508722722530365e-03
2.406565239652991295e-03
2.444505691528320312e-03
2.403138671070337296e-03
2.399489749222993851e-03
2.394932322204113007e-03
2.391170244663953781e-03
2.384691732004284859e-03
2.373720984905958176e-03
2.367249922826886177e-03
2.355490112677216530e-03
2.349058631807565689e-03
2.333869226276874542e-03
2.326335525140166283e-03
2.315551508218050003e-03
2.315631601959466934e-03
2.308276947587728500e-03
2.304042223840951920e-03
2.301918342709541321e-03
2.297868952155113220e-03
2.295621205121278763e-03
2.293427707627415657e-03
2.292091026902198792e-03
2.291687298566102982e-03
2.291007665917277336e-03
2.289880765601992607e-03
2.288508228957653046e-03
2.287822775542736053e-03
2.287433948367834091e-03
2.287151291966438293e-03
2.287027658894658089e-03
2.286898903548717499e-03
2.287420444190502167e-03
2.286806004121899605e-03
2.286605071276426315e-03
2.286270493641495705e-03
2.285950584337115288e-03
2.285374794155359268e-03
2.283666282892227173e-03
2.280820393934845924e-03
2.275510691106319427e-03
2.269226592034101486e-03
2.266121795400977135e-03
2.261207904666662216e-03
2.244864823296666145e-03
2.269144868478178978e-03
2.235177904367446899e-03
2.222544513642787933e-03
2.215789631009101868e-03
2.199192764237523079e-03
2.193035325035452843e-03
2.186303958296775818e-03
2.177003538236021996e-03
2.172877779230475426e-03
2.169966464862227440e-03
2.164908917620778084e-03
2.163853496313095093e-03
2.160539152100682259e-03
2.160359639674425125e-03
2.156260889023542404e-03
2.154171699658036232e-03
2.153186127543449402e-03
2.152015920728445053e-03
2.151657827198505402e-03
2.150980290025472641e-03
2.150463405996561050e-03
2.149596111848950386e-03
2.148579340428113937e-03
2.147269202396273613e-03
2.145918551832437515e-03
2.144152997061610222e-03
2.142820507287979126e-03
2.141566714271903038e-03
2.139972522854804993e-03
2.138901036232709885e-03
2.137981355190277100e-03
2.136813011020421982e-03
2.135758753865957260e-03
2.134081907570362091e-03
2.131962683051824570e-03
2.128330757841467857e-03
2.130252541974186897e-03
2.126010367646813393e-03
2.121360972523689270e-03
2.117042662575840950e-03
2.108887303620576859e-03
2.106828382238745689e-03
2.095133066177368164e-03
2.079394180327653885e-03
2.096841111779212952e-03
2.062950516119599342e-03
2.063855994492769241e-03
2.047240501269698143e-03
2.026291098445653915e-03
2.076988108456134796e-03
2.016911748796701431e-03
2.007531933486461639e-03
2.016853773966431618e-03
1.999492291361093521e-03
1.994043821468949318e-03
1.981665845960378647e-03
1.978400396183133125e-03
1.972688362002372742e-03
1.967908814549446106e-03
1.966955838724970818e-03
1.965277595445513725e-03
1.962265931069850922e-03
1.958861947059631348e-03
1.957533881068229675e-03
1.954916864633560181e-03
1.952698454260826111e-03
1.948191784322261810e-03
1.951876096427440643e-03
1.945241121575236320e-03
1.936352928169071674e-03
1.933157676830887794e-03
1.927728764712810516e-03
2.151505555957555771e-03
1.923178206197917461e-03
1.922550145536661148e-03
1.912054140120744705e-03
1.916107721626758575e-03
1.897076959721744061e-03
1.926551922224462032e-03
1.880877651274204254e-03
1.864178106188774109e-03
1.941470778547227383e-03
1.853317487984895706e-03
1.865865662693977356e-03
1.845396822318434715e-03
1.835623057559132576e-03
1.828865148127079010e-03
1.818683929741382599e-03
1.811522059142589569e-03
1.813381328247487545e-03
1.803697436116635799e-03
1.796607626602053642e-03
1.788574270904064178e-03
1.781268278136849403e-03
1.772238174453377724e-03
1.775526907294988632e-03
1.765735680237412453e-03
1.759015256538987160e-03
1.749928342178463936e-03
1.742378342896699905e-03
1.731728436425328255e-03
1.884516794234514236e-03
1.730011077597737312e-03
1.731056952849030495e-03
1.725567737594246864e-03
1.720891217701137066e-03
1.718106446787714958e-03
1.715311896987259388e-03
1.712779398076236248e-03
1.708702184259891510e-03
1.713041681796312332e-03
1.706097740679979324e-03
1.700858352705836296e-03
1.695069251582026482e-03
1.687768031843006611e-03
1.685563242062926292e-03
1.683934358879923820e-03
1.682423753663897514e-03
1.678073662333190441e-03
1.674532541073858738e-03
1.670749275945127010e-03
1.669331453740596771e-03
1.667942269705235958e-03
1.666328404098749161e-03
1.665171002969145775e-03
1.664060400798916817e-03
1.662651309743523598e-03
1.661852234974503517e-03
1.660528825595974922e-03
1.658641733229160309e-03
1.654462888836860657e-03
1.648325938731431961e-03
1.648515812121331692e-03
1.645583892241120338e-03
1.657465472817420959e-03
1.643074909225106239e-03
1.640205155126750469e-03
1.639002584852278233e-03
1.635523163713514805e-03
1.634742948226630688e-03
1.633084611967206001e-03
1.630692975595593452e-03
1.628286438062787056e-03
1.627122750505805016e-03
1.626060577109456062e-03
1.625269418582320213e-03
1.624574884772300720e-03
1.623576041311025620e-03
1.622163923457264900e-03
1.620786148123443127e-03
1.619427814148366451e-03
1.618331647478044033e-03
1.617167959921061993e-03
1.615979243069887161e-03
1.613969914615154266e-03
1.610473380424082279e-03
1.606735168024897575e-03
1.604008721187710762e-03
1.601161900907754898e-03
1.600319752469658852e-03
1.598844188265502453e-03
1.598213799297809601e-03
1.597326947376132011e-03
1.595520880073308945e-03
1.631994498893618584e-03
1.595032634213566780e-03
1.591616775840520859e-03
1.587292179465293884e-03
1.587398117408156395e-03
1.582073164172470570e-03
1.574534922838211060e-03
1.561760203912854195e-03
1.548140076920390129e-03
1.688537769950926304e-03
1.544545870274305344e-03
1.533974194899201393e-03
1.548270927742123604e-03
1.529267989099025726e-03
1.521462108939886093e-03
1.516354153864085674e-03
1.510537695139646530e-03
1.502843108028173447e-03
1.497766003012657166e-03
1.519097248092293739e-03
1.495587057434022427e-03
1.493707066401839256e-03
1.491291215643286705e-03
1.488160341978073120e-03
1.483298139646649361e-03
1.476594014093279839e-03
1.467261696234345436e-03
1.482444466091692448e-03
1.464363420382142067e-03
1.458718092180788517e-03
1.456470694392919540e-03
1.443288754671812057e-03
1.426643691956996918e-03
1.432253164239227772e-03
1.416858052834868431e-03
1.407782547175884247e-03
1.410876051522791386e-03
1.402672147378325462e-03
1.391442143358290195e-03
1.387738040648400784e-03
1.379460562020540237e-03
1.374856801703572273e-03
1.369782723486423492e-03
1.364066614769399166e-03
1.357322558760643005e-03
1.348094083368778229e-03
1.341450260952115059e-03
1.331163570284843445e-03
1.321531715802848339e-03
1.314262510277330875e-03
1.312965527176856995e-03
1.307542202994227409e-03
1.298352610319852829e-03
1.287969294935464859e-03
1.287341932766139507e-03
1.280296826735138893e-03
1.270499196834862232e-03
1.262023230083286762e-03
1.252364134415984154e-03
1.246748957782983780e-03
1.234149211086332798e-03
1.232040696777403355e-03
1.227603293955326080e-03
1.213630894199013710e-03
1.202484592795372009e-03
1.198459416627883911e-03
1.181331463158130646e-03
1.176715944893658161e-03
1.173259457573294640e-03
1.168932300060987473e-03
1.166796544566750526e-03
1.166045665740966797e-03
1.159260398708283901e-03
1.153021352365612984e-03
1.145943533629179001e-03
1.151972450315952301e-03
1.142874010838568211e-03
1.139671076089143753e-03
1.138615072704851627e-03
1.135709462687373161e-03
1.134135294705629349e-03
1.130291027948260307e-03
1.126246759667992592e-03
1.117397565394639969e-03
1.111924881115555763e-03
1.122708315961062908e-03
1.109282718971371651e-03
1.104879193007946014e-03
1.103025046177208424e-03
1.101575326174497604e-03
1.100300461985170841e-03
1.097493106499314308e-03
1.097704865969717503e-03
1.096207182854413986e-03
1.093265134841203690e-03
1.092062448151409626e-03
1.091880956664681435e-03
1.091384794563055038e-03
1.090895850211381912e-03
1.090382458642125130e-03
1.089769881218671799e-03
1.088820863515138626e-03
1.086937263607978821e-03
1.083346549421548843e-03
1.078225206583738327e-03
1.073377206921577454e-03
1.240620273165404797e-03
1.069695223122835159e-03
1.067744684405624866e-03
1.066765398718416691e-03
1.066230703145265579e-03
1.065742108039557934e-03
1.064827665686607361e-03
1.063368516042828560e-03
1.061856281012296677e-03
1.060291426256299019e-03
1.057665445841848850e-03
1.054376363754272461e-03
1.051879371516406536e-03
1.050258055329322815e-03
1.049204031005501747e-03
1.048840582370758057e-03
1.048562815412878990e-03
1.047914149239659309e-03
1.047261757776141167e-03
1.046314486302435398e-03
1.045519253239035606e-03
1.044811913743615150e-03
1.044519245624542236e-03
1.044432749040424824e-03
1.044327393174171448e-03
1.044172211550176144e-03
1.043875468894839287e-03
1.043227151967585087e-03
1.043203170411288738e-03
1.042603747919201851e-03
1.041410840116441250e-03
1.039959024637937546e-03
1.039367169141769409e-03
1.038722926750779152e-03
1.037361100316047668e-03
1.037111040204763412e-03
1.036266563460230827e-03
1.035492517985403538e-03
1.034585642628371716e-03
1.033406006172299385e-03
1.032826374284923077e-03
1.032436965033411980e-03
1.032009138725697994e-03
1.031565130688250065e-03
1.031037769280374050e-03
1.030607731081545353e-03
1.030114595778286457e-03
1.029265578836202621e-03
1.028426224365830421e-03
1.027483027428388596e-03
1.027158228680491447e-03
1.026820973493158817e-03
1.026296522468328476e-03
1.025786274112761021e-03
1.025212928652763367e-03
1.025029574520885944e-03
1.024812227115035057e-03
1.024693716317415237e-03
1.024208962917327881e-03
1.023780321702361107e-03
1.023079152218997478e-03
1.022050390020012856e-03
1.023118034936487675e-03
1.021571457386016846e-03
1.020371681079268456e-03
1.021450385451316833e-03
1.019854564219713211e-03
1.018891925923526287e-03
1.018060022033751011e-03
1.017339993268251419e-03
1.016972586512565613e-03
1.016712747514247894e-03
1.016273745335638523e-03
1.016004127450287342e-03
1.015630317851901054e-03
1.015350571833550930e-03
1.014934037812054157e-03
1.014458248391747475e-03
1.013775356113910675e-03
1.012176508083939552e-03
1.046603661961853504e-03
1.011864515021443367e-03
1.011892920359969139e-03
1.011419342830777168e-03
1.011807355098426342e-03
1.010598847642540932e-03
1.010410604067146778e-03
1.009082072414457798e-03
1.008586608804762363e-03
1.007163198664784431e-03
1.006807317025959492e-03
1.006526639685034752e-03
1.006142701953649521e-03
1.005875412374734879e-03
1.005621626973152161e-03
1.005323254503309727e-03
1.005021738819777966e-03
1.004890538752079010e-03
1.004811958409845829e-03
1.004747580736875534e-03
1.004667137749493122e-03
1.004638150334358215e-03
1.004593679681420326e-03
1.004507648758590221e-03
1.004331279546022415e-03
1.004082732833921909e-03
1.003602053970098495e-03
1.002650707960128784e-03
1.000544289126992226e-03
1.001921016722917557e-03
9.986404329538345337e-04
1.000347780063748360e-03
9.956789435818791389e-04
9.918410796672105789e-04
9.920728625729680061e-04
9.888736531138420105e-04
9.891188237816095352e-04
9.876543190330266953e-04
9.876582771539688110e-04
9.864041348919272423e-04
9.851306676864624023e-04
9.843510342761874199e-04
9.840410202741622925e-04
9.835654636844992638e-04
9.831740753725171089e-04
9.826087625697255135e-04
9.822413558140397072e-04
9.819099213927984238e-04
9.814641671255230904e-04
9.805578738451004028e-04
9.798570536077022552e-04
9.792072232812643051e-04
9.780607651919126511e-04
9.772211778908967972e-04
9.791686898097395897e-04
9.763319394551217556e-04
9.757651132531464100e-04
9.750574827194213867e-04
9.747147560119628906e-04
9.745053248479962349e-04
