8.019313216209411621e-01
7.993977069854736328e-01
7.967848777770996094e-01
7.940922379493713379e-01
7.913198471069335938e-01
7.884675264358520508e-01
7.855351567268371582e-01
7.825229167938232422e-01
7.794305086135864258e-01
7.762583494186401367e-01
7.730065584182739258e-01
7.696748971939086914e-01
7.662639617919921875e-01
7.627741098403930664e-01
7.592056989669799805e-01
7.555591464042663574e-01
7.518348693847656250e-01
7.480334043502807617e-01
7.441558241844177246e-01
7.402025461196899414e-01
7.361743450164794922e-01
7.320723533630371094e-01
7.278975248336791992e-01
7.236506938934326172e-01
7.193333506584167480e-01
7.149465084075927734e-01
7.104915976524353027e-01
7.059699296951293945e-01
7.013832330703735352e-01
6.967329978942871094e-01
6.920207738876342773e-01
6.872484087944030762e-01
6.824179291725158691e-01
6.775311827659606934e-01
6.725903749465942383e-01
6.675968766212463379e-01
6.625537872314453125e-01
6.574630737304687500e-01
6.523268222808837891e-01
6.471476554870605469e-01
6.419283151626586914e-01
6.366708874702453613e-01
6.313784718513488770e-01
6.260533928871154785e-01
6.206983327865600586e-01
6.153163909912109375e-01
6.099102497100830078e-01
6.044827103614807129e-01
5.990366935729980469e-01
5.935751199722290039e-01
5.881010890007019043e-01
5.826172828674316406e-01
5.771268606185913086e-01
5.716327428817749023e-01
5.661379098892211914e-01
5.606453418731689453e-01
5.551581382751464844e-01
5.496790409088134766e-01
5.442110300064086914e-01
5.387569665908813477e-01
5.333196520805358887e-01
5.279021263122558594e-01
5.225069522857666016e-01
5.171368718147277832e-01
5.117945075035095215e-01
5.064824223518371582e-01
5.012031793594360352e-01
4.959594011306762695e-01
4.907533526420593262e-01
4.855872690677642822e-01
4.804632961750030518e-01
4.753837287425994873e-01
4.703507423400878906e-01
4.653660058975219727e-01
4.604316651821136475e-01
4.555493593215942383e-01
4.507208466529846191e-01
4.459477365016937256e-01
4.412312805652618408e-01
4.365733265876770020e-01
4.319748580455780029e-01
4.274372458457946777e-01
4.229615330696105957e-01
4.185487627983093262e-01
4.141998887062072754e-01
4.099159240722656250e-01
4.056972861289978027e-01
4.015448391437530518e-01
3.974590301513671875e-01
3.934406042098999023e-01
3.894896507263183594e-01
3.856067061424255371e-01
3.817918598651885986e-01
3.780454993247985840e-01
3.743673563003540039e-01
3.707578182220458984e-01
3.672165274620056152e-01
3.637436032295227051e-01
3.603387773036956787e-01
3.570016622543334961e-01
